35
     0     0   141    92    76     0    80     0     0   137     0     0   104    82     0     0   122    73     0     0    76     0     0   126     0   107   104    81    82   131   149   143   139   115    80
     0     0   134   107    72     0     0     0    71   149     0   109     0   149   123   146     0     0    91   114    88    72    98    76     0    80     0     0    84   127     0   136   144    78     0
   141   134     0    94    98   143    80   133   142   127   123   108   137    82   144   138    82   118     0     0    97    81    91     0   147    77     0   109    86    78   112   145     0    87   125
    92   107    94     0    97     0     0   127     0    94     0    79    71   121    72    81   105   144     0   112   132     0    77    99   143    71     0   141     0    75    94    88   139    89     0
    76    72    98    97     0     0   140     0   120   103    76   127     0   144   125   118    94   126     0    96   118     0   134    71   143   136   135    73   105    98   134   111   101     0   127
     0     0   143     0     0     0    86    93   106     0   109     0    85    96     0   103    75   145   135     0   134    98   104   109   120   102   139   120   149     0   124    96     0     0   118
    80     0    80     0   140    86     0    85    81   120     0   119     0     0    83     0    80   134   114     0   136   149   136   147    84    71   147    91     0    76     0   142     0    76     0
     0     0   133   127     0    93    85     0   139   144   109    74    90   115     0   142   114   115   116   139   137   105    71    82    74    83    91   112     0   126     0   132    87    87     0
     0    71   142     0   120   106    81   139     0   129    75    88   126    95   147     0    93    75     0     0   111     0     0     0    88    88     0     0   114     0     0    82     0   132     0
   137   149   127    94   103     0   120   144   129     0     0     0   107   125     0     0    72   127   115     0   138    83    90     0    71   140     0     0    77     0   145     0     0   103   108
     0     0   123     0    76   109     0   109    75     0     0   127    94   124   106     0     0    98   116    82   122     0   113   105   126    75    97     0     0   143   118     0     0   108     0
     0   109   108    79   127     0   119    74    88     0   127     0   125   129   137     0   127    82     0   102    90    94    96   144   138   103   140     0   145     0   140   117    89   114    74
   104     0   137    71     0    85     0    90   126   107    94   125     0   116   135   139   142    98   148    93    77     0    95   140   125   107     0     0   116     0    79    95   147    90     0
    82   149    82   121   144    96     0   115    95   125   124   129   116     0     0   101   141    88   127   136   131     0   134   126   126   124    93   120   142    71   140   102   140   108   130
     0   123   144    72   125     0    83     0   147     0   106   137   135     0     0     0   113     0   130   136   138   121    86   149   141   149     0   148     0   138    89   100   104    82     0
     0   146   138    81   118   103     0   142     0     0     0     0   139   101     0     0   131    90   117    90     0   120     0   147   143   143   117   110   118    83   142     0     0    83   120
   122     0    82   105    94    75    80   114    93    72     0   127   142   141   113   131     0    97   126   100     0   137    89   125    74     0    88   116    73     0    87    79     0     0   145
    73     0   118   144   126   145   134   115    75   127    98    82    98    88     0    90    97     0     0     0    91   113   131   126   132     0    98   145     0   103    96   113    71   117    73
     0    91     0     0     0   135   114   116     0   115   116     0   148   127   130   117   126     0     0    93   129     0     0   119   106    74   120   136   104     0   108    75     0     0     0
     0   114     0   112    96     0     0   139     0     0    82   102    93   136   136    90   100     0    93     0    79     0     0   111   146     0     0   100    88   137     0   108     0   137    78
    76    88    97   132   118   134   136   137   111   138   122    90    77   131   138     0     0    91   129    79     0    71     0    94     0   133   108     0    96   128   115    96    91    90   143
     0    72    81     0     0    98   149   105     0    83     0    94     0     0   121   120   137   113     0     0    71     0     0     0   148     0   112    97    92     0   122    76     0     0     0
     0    98    91    77   134   104   136    71     0    90   113    96    95   134    86     0    89   131     0     0     0     0     0   142    83    84   100   141   146     0   115   138    96   107   125
   126    76     0    99    71   109   147    82     0     0   105   144   140   126   149   147   125   126   119   111    94     0   142     0   134     0   148   108   109     0    92   145   146    93    99
     0     0   147   143   143   120    84    74    88    71   126   138   125   126   141   143    74   132   106   146     0   148    83   134     0    86   118    94     0   105    86    92   122    88    89
   107    80    77    71   136   102    71    83    88   140    75   103   107   124   149   143     0     0    74     0   133     0    84     0    86     0     0   148    93   135    82   106    85   127   102
   104     0     0     0   135   139   147    91     0     0    97   140     0    93     0   117    88    98   120     0   108   112   100   148   118     0     0   104     0   115   103     0   115   145    87
    81     0   109   141    73   120    91   112     0     0     0     0     0   120   148   110   116   145   136   100     0    97   141   108    94   148   104     0   113    78   100   110    73    72   107
    82    84    86     0   105   149     0     0   114    77     0   145   116   142     0   118    73     0   104    88    96    92   146   109     0    93     0   113     0     0   101    87    75   125    97
   131   127    78    75    98     0    76   126     0     0   143     0     0    71   138    83     0   103     0   137   128     0     0     0   105   135   115    78     0     0   145   121     0   123    83
   149     0   112    94   134   124     0     0     0   145   118   140    79   140    89   142    87    96   108     0   115   122   115    92    86    82   103   100   101   145     0   139   121     0    80
   143   136   145    88   111    96   142   132    82     0     0   117    95   102   100     0    79   113    75   108    96    76   138   145    92   106     0   110    87   121   139     0   124     0   107
   139   144     0   139   101     0     0    87     0     0     0    89   147   140   104     0     0    71     0     0    91     0    96   146   122    85   115    73    75     0   121   124     0   115   113
   115    78    87    89     0     0    76    87   132   103   108   114    90   108    82    83     0   117     0   137    90     0   107    93    88   127   145    72   125   123     0     0   115     0    85
    80     0   125     0   127   118     0     0     0   108     0    74     0   130     0   120   145    73     0    78   143     0   125    99    89   102    87   107    97    83    80   107   113    85     0
